7
r07_BC.TW.HM031121 0.0000000 0.1697757 0.1180858 0.1433497 0.1169220 0.1153723 0.1313426 
r01_AE.CN.JQ302679 0.1697757 0.0000000 0.1451313 0.1352056 0.1532788 0.1595283 0.1620734 
C.ZM.HM120084      0.1180858 0.1451313 0.0000000 0.1491185 0.1611212 0.0584782 0.1442979 
D.UG.JX499011      0.1433497 0.1352056 0.1491185 0.0000000 0.1227744 0.1598627 0.1063283 
B.US.GQ372064      0.1169220 0.1532788 0.1611212 0.1227744 0.0000000 0.1638386 0.0904695 
C.ZM.HM119761      0.1153723 0.1595283 0.0584782 0.1598627 0.1638386 0.0000000 0.1664483 
B.ZA.HQ994404      0.1313426 0.1620734 0.1442979 0.1063283 0.0904695 0.1664483 0.0000000 
